getgenv()._reanimate()


------------
--Assassin--
---------------------------------
--By CKbackup (Sugarie Saffron)--
---------------------------------

wait(1/60)
Effects = { }
local Player = game:service'Players'.LocalPlayer
local chara = Player.Character
local Humanoid = chara:FindFirstChildOfClass("Humanoid")
local LeftArm = chara["Left Arm"]
local RightArm = chara["Right Arm"]
local LeftLeg = chara["Left Leg"]
local RightLeg = chara["Right Leg"]
local Head = chara.Head
local Torso = chara.Torso
local Camera = workspace.CurrentCamera
local RootPart = chara.HumanoidRootPart
local RootJoint = RootPart.RootJoint
local attack = false
local Anim = 'Idle'
local attacktype = 1
local delays = false
local play = true
local targetted = nil
local Torsovelocity = (RootPart.Velocity * Vector3.new(1, 0, 1)).magnitude 
local velocity = RootPart.Velocity.y
local sine = 0
local change = 1
local doe = 0
FELOADLIBRARY = {}
loadstring(game:GetObjects("rbxassetid://5209815302")[1].Source)()
local RbxUtility = FELOADLIBRARY
local Create = RbxUtility.Create
local debby = game:GetService("Debris")
Humanoid.WalkSpeed = 16

local currentwep = "Knife"
local healing = false

local pshots = 17
local sshots = 8
local snshots = 10

Humanoid.Animator.Parent = nil
chara.Animate.Parent = nil

local newMotor = function(part0, part1, c0, c1)
local w = Create('Motor'){
Parent = part0,
Part0 = part0,
Part1 = part1,
C0 = c0,
C1 = c1,
}
return w
end

function clerp(a, b, t)
return a:lerp(b, t)
end

RootCF = CFrame.fromEulerAnglesXYZ(-1.57, 0, 3.14)
NeckCF = CFrame.new(0, 1, 0, -1, -0, -0, 0, 0, 1, 0, 1, 0)

local RW = newMotor(Torso, RightArm, CFrame.new(1.5, 0, 0), CFrame.new(0, 0, 0)) 
local LW = newMotor(Torso, LeftArm, CFrame.new(-1.5, 0, 0), CFrame.new(0, 0, 0))
local RH = newMotor(Torso, RightLeg, CFrame.new(.5, -2, 0), CFrame.new(0, 0, 0))
local LH = newMotor(Torso, LeftLeg, CFrame.new(-.5, -2, 0), CFrame.new(0, 0, 0))
RootJoint.C1 = CFrame.new(0, 0, 0)
RootJoint.C0 = CFrame.new(0, 0, 0)
Torso.Neck.C1 = CFrame.new(0, 0, 0)
Torso.Neck.C0 = CFrame.new(0, 1.5, 0)

local rarmc1 = RW.C1
local larmc1 = LW.C1
local rlegc1 = RH.C1
local llegc1 = LH.C1

local resetc1 = false

function PlayAnimationFromTable(table, speed, bool)
RootJoint.C0 = clerp(RootJoint.C0, table[1], speed) 
Torso.Neck.C0 = clerp(Torso.Neck.C0, table[2], speed) 
RW.C0 = clerp(RW.C0, table[3], speed) 
LW.C0 = clerp(LW.C0, table[4], speed) 
RH.C0 = clerp(RH.C0, table[5], speed) 
LH.C0 = clerp(LH.C0, table[6], speed) 
if bool == true then
if resetc1 == false then
resetc1 = true
RootJoint.C1 = RootJoint.C1
Torso.Neck.C1 = Torso.Neck.C1
RW.C1 = rarmc1
LW.C1 = larmc1
RH.C1 = rlegc1
LH.C1 = llegc1
end
end
end

ArtificialHB = Instance.new("BindableEvent", script)
ArtificialHB.Name = "Heartbeat"
script:WaitForChild("Heartbeat")
frame = 0.03333333333333
tf = 0
allowframeloss = false
tossremainder = false
lastframe = tick()
script.Heartbeat:Fire()
local asd = game:GetService("RunService").Heartbeat:connect(function(s, p)
tf = tf + s
if tf >= frame then
if allowframeloss then
script.Heartbeat:Fire()
lastframe = tick()
else
for i = 1, math.floor(tf / frame) do
script.Heartbeat:Fire()
end
lastframe = tick()
end
if tossremainder then
tf = 0
else
tf = tf - frame * math.floor(tf / frame)
end
end
end)
game.Players.LocalPlayer.Character.Humanoid.Died:Connect(function()asd:Disconnect()ArtificialHB:Destroy()end)
function swait(num)
if num == 0 or num == nil then
ArtificialHB.Event:wait()
else
for i = 0, num do
ArtificialHB.Event:wait()
end
end
end

local TargetPoint = Vector3.new()
function getNearestGuy()
--local Distance = nil
--for i, v in pairs(workspace:GetDescendants()) do
--if v:IsA("Model") then
--if v:FindFirstChildOfClass("Humanoid") then
--if v:FindFirstChildOfClass("Humanoid").Health > 0 then
--if v:FindFirstChild("Head") then
--if v ~= chara then
--if Distance ~= nil then
--if (v.Head.Position - RootPart.Position).magnitude <= Distance then
--TargetPoint = v.Head.Position - Vector3.new(0,1.5,0)
--end 
--elseif Distance == nil then
--Distance = (v.Head.Position - RootPart.Position).magnitude
--TargetPoint = v.Head.Position - Vector3.new(0,1.5,0)
--end
--end 
--end 
--end
--end 
--end
--end
end
--[[local mousemoveevent = script:WaitForChild("MouseMoveEvent")
mousemoveevent.OnServerEvent:connect(function(ply,pos,targ)
if ply == Player then
	TargetPoint = pos
end
end)]]
Player:GetMouse().Move:connect(function()
    TargetPoint = Player:GetMouse().Hit.Position
end)

function RemoveOutlines(part)
part.TopSurface, part.BottomSurface, part.LeftSurface, part.RightSurface, part.FrontSurface, part.BackSurface = 10, 10, 10, 10, 10, 10
end

function so(id,par,pit,vol)
local sou = Instance.new("Sound", par or workspace)
if par == chara then
sou.Parent = chara.Torso
end
sou.Volume = vol
sou.Pitch = pit or 1
sou.SoundId = "rbxassetid://" .. id
sou.PlayOnRemove = true
sou:Destroy()
end

--This is just for builds--
New = function(Object, Parent, Name, Data)
local Object = Instance.new(Object)
for Index, Value in pairs(Data or {}) do
Object[Index] = Value
end
Object.Parent = Parent
Object.Name = Name
return Object
end

SniperPart = New("Part",chara,"SniperPart",{FormFactor = Enum.FormFactor.Symmetric,Size = Vector3.new(0.299999923, 5.59999752, 1.20000005),CFrame = CFrame.new(12.6994934, 10.8995457, -104.84919, -0.999997199, 0.000127014282, 7.70353145e-05, -0.000136496106, -1.00000858, -7.61961637e-05, 8.27468975e-05, -8.1929189e-05, 0.999997139),CanCollide = false,})
Mesh = New("SpecialMesh",SniperPart,"Mesh",{Scale = Vector3.new(1.5, 1.5, 1.5),MeshId = "http://www.roblox.com/asset?id=71947387",TextureId = "http://www.roblox.com/asset?id=71947339",MeshType = Enum.MeshType.FileMesh,})
Weld = New("ManualWeld",SniperPart,"Weld",{Part0 = SniperPart,Part1 = RightArm,C0 = CFrame.new(0, 0, 0, -1, -3.8146934e-06, 2.64410255e-06, 3.81311042e-06, -1, -1.81502128e-06, 2.6441096e-06, -1.81501105e-06, 1),C1 = CFrame.new(-0.0998973846, -2.69990635, -0.250015259, -1, -7.88987098e-10, -1.34516404e-23, 7.88987098e-10, 1, 3.40985073e-14, -1.34516388e-23, -3.40985073e-14, -1),})
SniperF = New("Part",chara,"SniperF",{Transparency = 1,Transparency = 1,Size = Vector3.new(0.0999997407, 0.100000001, 0.0999999866),CFrame = CFrame.new(12.6998749, 8.04950333, -104.599442, 0.999997199, -0.000123199745, 7.43909914e-05, 0.000132682762, 1.00000858, -7.4381489e-05, -8.01031056e-05, 8.01138667e-05, 0.999997139),CanCollide = false,BottomSurface = Enum.SurfaceType.Smooth,TopSurface = Enum.SurfaceType.Smooth,})
Weld = New("ManualWeld",SniperF,"Weld",{Part0 = SniperF,Part1 = SniperPart,C1 = CFrame.new(0, 2.84999847, 0.249984741, -1, -3.8146934e-06, 2.64410255e-06, 3.81311042e-06, -1, -1.81502128e-06, 2.6441096e-06, -1.81501105e-06, 1),})

ShottyPart = New("Part",chara,"ShottyPart",{FormFactor = Enum.FormFactor.Custom,Size = Vector3.new(0.300000012, 3, 0.600000024),CFrame = CFrame.new(-14.4535122, 9.59664345, -109.497604, -0.999997258, 0.000102982318, -9.57794546e-05, -0.000112362795, -1.00000811, -0.00097725715, -9.01586318e-05, -0.000982958474, 0.999996722),CanCollide = false,})
Mesh = New("SpecialMesh",ShottyPart,"Mesh",{VertexColor = Vector3.new(2, 2, 2),MeshId = "http://www.roblox.com/asset/?id=71947462",TextureId = "http://www.roblox.com/asset/?id=150079972",MeshType = Enum.MeshType.FileMesh,})
Weld = New("ManualWeld",ShottyPart,"Weld",{Part0 = ShottyPart,Part1 = RightArm,C0 = CFrame.new(0, 0, 0, -1, 2.03055642e-05, -0.00017026384, -2.01518324e-05, -0.999999583, -0.000902848784, -0.000170282117, -0.00090284535, 0.999999642),C1 = CFrame.new(-0.149913788, -2.39947891, -0.197479248, -1, 2.0288815e-05, 0.000126775703, 2.02955143e-05, 1, 5.28392593e-05, -0.000126774627, 5.28418313e-05, -1),})
ShotgunF = New("Part",chara,"ShotgunF",{Transparency = 1,Transparency = 1,Size = Vector3.new(0.0999997407, 0.100000001, 0.0999999866),CFrame = CFrame.new(-14.4533739, 7.94634056, -109.249107, 0.999997258, -0.000123201316, 7.43909841e-05, 0.000132681205, 1.00000846, -7.43815326e-05, -8.01031274e-05, 8.01137649e-05, 0.999997258),CanCollide = false,BottomSurface = Enum.SurfaceType.Smooth,TopSurface = Enum.SurfaceType.Smooth,})
Weld = New("ManualWeld",ShotgunF,"Weld",{Part0 = ShotgunF,Part1 = ShottyPart,C1 = CFrame.new(7.62939453e-06, 1.65004492, 0.25012207, -1, 2.03055642e-05, -0.00017026384, -2.01518324e-05, -0.999999583, -0.000902848784, -0.000170282117, -0.00090284535, 0.999999642),})

PistolPart = New("Part",chara,"PistolPart",{FormFactor = Enum.FormFactor.Symmetric,Size = Vector3.new(0.200000003, 1, 1.60000014),CFrame = CFrame.new(18.0989876, 7.69964027, -101.500366, -0.999996424, 0.000773654203, -0.00101959216, -0.0010287785, 0.000385828374, 1.00000811, 0.00077976333, 0.999996781, -0.000379299192),CanCollide = false,BackSurface = Enum.SurfaceType.Weld,BottomSurface = Enum.SurfaceType.Weld,FrontSurface = Enum.SurfaceType.Weld,LeftSurface = Enum.SurfaceType.Weld,RightSurface = Enum.SurfaceType.Weld,TopSurface = Enum.SurfaceType.Weld,})
Mesh = New("SpecialMesh",PistolPart,"Mesh",{Scale = Vector3.new(2, 2, 2),MeshId = "http://www.roblox.com/asset?id=77882703",TextureId = "http://www.roblox.com/asset?id=77882618",MeshType = Enum.MeshType.FileMesh,})
Weld = New("ManualWeld",PistolPart,"Weld",{Part0 = PistolPart,Part1 = RightArm,C0 = CFrame.new(0, 0, 0, -0.999996424, -0.0010287785, 0.00077976333, 0.000773654203, 0.000385828374, 0.999996781, -0.00101959216, 1.00000811, -0.000379299192),C1 = CFrame.new(-0.198720932, -1.50034809, -0.199378967, -1, -0.00026502274, 0.000159957795, -0.000264997128, 1, 0.000160029536, -0.0001600002, 0.000159987132, -1),})
Pistol2Part = New("Part",chara,"Pistol2Part",{FormFactor = Enum.FormFactor.Symmetric,Size = Vector3.new(0.200000003, 1, 1.60000014),CFrame = CFrame.new(20.7989807, 7.70241833, -101.502472, -0.999996424, 0.000773654203, -0.00101959216, -0.0010287785, 0.000385828374, 1.00000811, 0.00077976333, 0.999996781, -0.000379299192),CanCollide = false,BackSurface = Enum.SurfaceType.Weld,BottomSurface = Enum.SurfaceType.Weld,FrontSurface = Enum.SurfaceType.Weld,LeftSurface = Enum.SurfaceType.Weld,RightSurface = Enum.SurfaceType.Weld,TopSurface = Enum.SurfaceType.Weld,})
Mesh = New("SpecialMesh",Pistol2Part,"Mesh",{Scale = Vector3.new(2, 2, 2),MeshId = "http://www.roblox.com/asset?id=77882703",TextureId = "http://www.roblox.com/asset?id=77882618",MeshType = Enum.MeshType.FileMesh,})
Weld = New("ManualWeld",Pistol2Part,"Weld",{Part0 = Pistol2Part,Part1 = LeftArm,C0 = CFrame.new(0, 0, 0, -0.999999404, -0.000896037673, 0.000699733966, 0.000699321856, 0.000460113079, 0.999999642, -0.00089635927, 0.999999523, -0.000459486182),C1 = CFrame.new(0.101261139, -1.49828005, -0.19770813, -0.999999046, -0.00013233356, 7.98649926e-05, -0.000129168649, 1.00000286, 7.99051195e-05, -7.79679685e-05, 7.79874026e-05, -0.999999046),})
PistolF = New("Part",chara,"PistolF",{Transparency = 1,Transparency = 1,FormFactor = Enum.FormFactor.Custom,Size = Vector3.new(0.200000003, 0.199999988, 0.200000003),CFrame = CFrame.new(18.1002274, 6.79980469, -101.100029, -0.999996781, 0.00116357114, 0.000773530744, -0.0011731172, -1.00000811, 0.000386120519, 0.000779943191, 0.000379309029, 0.999996781),CanCollide = false,})
Weld = New("ManualWeld",PistolF,"Weld",{Part0 = PistolF,Part1 = PistolPart,C0 = CFrame.new(0, 0, 0, -0.999999642, -0.00104037486, 0.000699925295, 0.00104033854, -0.999999404, 0.000459507515, 0.000699198456, 0.000460405223, 0.999999642),C1 = CFrame.new(-1.33514404e-05, 0.399993896, -0.899982452, -0.999999404, -0.000896037673, 0.000699733966, 0.000699321856, 0.000460113079, 0.999999642, -0.00089635927, 0.999999523, -0.000459486182),})
Pistol2F = New("Part",chara,"Pistol2F",{Transparency = 1,Transparency = 1,FormFactor = Enum.FormFactor.Custom,Size = Vector3.new(0.200000003, 0.199999988, 0.200000003),CFrame = CFrame.new(20.8002224, 6.80258274, -101.102135, -0.999996781, 0.00116357114, 0.000773530744, -0.0011731172, -1.00000811, 0.000386120519, 0.000779943191, 0.000379309029, 0.999996781),CanCollide = false,})
Weld = New("ManualWeld",Pistol2F,"Weld",{Part0 = Pistol2F,Part1 = Pistol2Part,C0 = CFrame.new(0, 0, 0, -0.999999642, -0.00104037486, 0.000699925295, 0.00104033854, -0.999999404, 0.000459507515, 0.000699198456, 0.000460405223, 0.999999642),C1 = CFrame.new(-1.52587891e-05, 0.399993896, -0.899982452, -0.999999404, -0.000896037673, 0.000699733966, 0.000699321856, 0.000460113079, 0.999999642, -0.00089635927, 0.999999523, -0.000459486182),})

Knife = New("Part",chara,"Knife",{BrickColor = BrickColor.new("Really black"),FormFactor = Enum.FormFactor.Custom,Size = Vector3.new(0.200000018, 3, 0.600000024),CFrame = CFrame.new(18.1000671, 8.20049858, -102.599922, 0.999997199, -7.43909914e-05, -0.000123201287, 0.000132681176, 7.43816781e-05, 1.00000858, -8.01031129e-05, -0.999997139, 8.01140704e-05),CanCollide = false,Color = Color3.new(0.0666667, 0.0666667, 0.0666667),})
Mesh = New("SpecialMesh",Knife,"Mesh",{MeshId = "rbxassetid://121944778",TextureId = "rbxassetid://121944805",MeshType = Enum.MeshType.FileMesh,})
Weld = New("ManualWeld",Knife,"Weld",{Part0 = Knife,Part1 = RightArm,C0 = CFrame.new(0, 0, 0, 1, -1.83178334e-11, -9.29553131e-20, -8.93234474e-20, 1.9826904e-10, -1, 1.83178334e-11, 1, 1.9826904e-10),C1 = CFrame.new(-0.200113297, -0.99965477, 0.900268555, -0.999999046, -0.00013233356, 7.98649926e-05, -0.000129168649, 1.00000286, 7.99051195e-05, -7.79679685e-05, 7.79874026e-05, -0.999999046),})
Knife2 = New("Part",chara,"Knife2",{BrickColor = BrickColor.new("Really black"),FormFactor = Enum.FormFactor.Custom,Size = Vector3.new(0.200000018, 3, 0.600000024),CFrame = CFrame.new(20.800066, 8.20085621, -102.600151, 0.999997199, -7.43909914e-05, -0.000123201287, 0.000132681176, 7.43816781e-05, 1.00000858, -8.01031129e-05, -0.999997139, 8.01140704e-05),CanCollide = false,Color = Color3.new(0.0666667, 0.0666667, 0.0666667),})
Mesh = New("SpecialMesh",Knife2,"Mesh",{MeshId = "rbxassetid://121944778",TextureId = "rbxassetid://121944805",MeshType = Enum.MeshType.FileMesh,})
Weld = New("ManualWeld",Knife2,"Weld",{Part0 = Knife2,Part1 = LeftArm,C0 = CFrame.new(0, 0, 0, 1, -1.83178334e-11, -9.29553131e-20, -8.93234474e-20, 1.9826904e-10, -1, 1.83178334e-11, 1, 1.9826904e-10),C1 = CFrame.new(0.0998783112, -1.00001431, 0.900054932, -0.999999046, -0.00013233356, 7.98649926e-05, -0.000129168649, 1.00000286, 7.99051195e-05, -7.79679685e-05, 7.79874026e-05, -0.999999046),})

SheathPart = New("Part",chara,"SheathPart",{BrickColor = BrickColor.new("Really black"),FormFactor = Enum.FormFactor.Custom,Size = Vector3.new(0.200000003, 0.200000003, 0.200000003),CFrame = CFrame.new(-4.70037603, 7.11581182, -105.941528, 0.000411997637, 0.000128002648, 1, 0.765914023, -0.642943084, -0.00023325636, 0.642943025, 0.765914023, -0.000362930034),CanCollide = false,Color = Color3.new(0.0666667, 0.0666667, 0.0666667),})
Mesh = New("SpecialMesh",SheathPart,"Mesh",{Scale = Vector3.new(0.419999987, 2.5, 5),MeshId = "rbxassetid://504776834",MeshType = Enum.MeshType.FileMesh,})
Weld = New("ManualWeld",SheathPart,"Weld",{Part0 = SheathPart,Part1 = LeftLeg,C0 = CFrame.new(0, 0, 0, 0.000411997637, 0.765914023, 0.642943025, 0.000128002648, -0.642943084, 0.765914023, 1, -0.00023325636, -0.000362930034),C1 = CFrame.new(-0.399157524, -0.0849089622, 0.44103241, -1, -0.000285560207, 0.000172345346, -0.000285530492, 1, 0.000172423926, -0.000172394575, 0.000172374697, -1),})
KnifeH = New("Part",chara,"KnifeH",{BrickColor = BrickColor.new("Really black"),FormFactor = Enum.FormFactor.Custom,Size = Vector3.new(0.200000003, 0.200000003, 0.200000003),CFrame = CFrame.new(-4.70015621, 7.43445921, -105.543449, 1, -0.000408680877, -0.00014000498, -0.000222999661, -0.765914917, 0.642942011, -0.000369990012, -0.642941952, -0.765914917),CanCollide = false,Color = Color3.new(0.0666667, 0.0666667, 0.0666667),})
Mesh = New("SpecialMesh",KnifeH,"Mesh",{MeshId = "rbxassetid://121944778",TextureId = "rbxassetid://121944805",MeshType = Enum.MeshType.FileMesh,})
Weld = New("ManualWeld",KnifeH,"Weld",{Part0 = KnifeH,Part1 = LeftLeg,C0 = CFrame.new(0, 0, 0, 1, -0.000222999661, -0.000369990012, -0.000408680877, -0.765914917, -0.642941952, -0.00014000498, 0.642942011, -0.765914917),C1 = CFrame.new(-0.399399757, 0.23380661, 0.043006897, -1, -0.000285560207, 0.000172345346, -0.000285530492, 1, 0.000172423926, -0.000172394575, 0.000172374697, -1),})
PistolH = New("Part",chara,"PistolH",{FormFactor = Enum.FormFactor.Symmetric,Size = Vector3.new(0.200000003, 0.200000003, 0.200000003),CFrame = CFrame.new(-6.49966383, 7.78175831, -105.575996, -1, 0.000318881212, -5.09696583e-05, -0.000277000305, -0.765891254, 0.642970145, 0.000165993857, 0.642970145, 0.765891314),CanCollide = false,BackSurface = Enum.SurfaceType.Weld,BottomSurface = Enum.SurfaceType.Weld,FrontSurface = Enum.SurfaceType.Weld,LeftSurface = Enum.SurfaceType.Weld,RightSurface = Enum.SurfaceType.Weld,TopSurface = Enum.SurfaceType.Weld,})
Mesh = New("SpecialMesh",PistolH,"Mesh",{Scale = Vector3.new(2, 2, 2),MeshId = "http://www.roblox.com/asset?id=77882703",TextureId = "http://www.roblox.com/asset?id=77882618",MeshType = Enum.MeshType.FileMesh,})
Weld = New("ManualWeld",PistolH,"Weld",{Part0 = PistolH,Part1 = RightLeg,C0 = CFrame.new(0, 0, 0, -1, -0.000277000305, 0.000165993857, 0.000318881212, -0.765891254, 0.642970145, -5.09696583e-05, 0.642970145, 0.765891314),C1 = CFrame.new(0.399995804, 0.581613064, 0.0758972168, -1, -0.000285560207, 0.000172345346, -0.000285530492, 1, 0.000172423926, -0.000172394575, 0.000172374697, -1),})
ShottyH = New("Part",chara,"ShottyH",{FormFactor = Enum.FormFactor.Custom,Size = Vector3.new(0.200000003, 0.200000003, 0.200000003),CFrame = CFrame.new(-5.59976482, 8.30091476, -106.050423, 9.99167696e-06, 1, 3.19996834e-05, 5.30095167e-05, -3.20002146e-05, 1, 1, -9.98998075e-06, -5.30098368e-05),CanCollide = false,})
Mesh = New("SpecialMesh",ShottyH,"Mesh",{VertexColor = Vector3.new(2, 2, 2),MeshId = "http://www.roblox.com/asset/?id=71947462",TextureId = "http://www.roblox.com/asset/?id=150079972",MeshType = Enum.MeshType.FileMesh,})
Weld = New("ManualWeld",ShottyH,"Weld",{Part0 = ShottyH,Part1 = Torso,C0 = CFrame.new(0, 0, 0, 9.99167696e-06, 5.30095167e-05, 1, 1, -3.20002146e-05, -9.98998075e-06, 3.19996834e-05, 1, -5.30098368e-05),C1 = CFrame.new(-8.48770142e-05, -0.899636269, 0.55027771, -1, -0.000285560207, 0.000172345346, -0.000285530492, 1, 0.000172423926, -0.000172394575, 0.000172374697, -1),})
SniperH = New("Part",chara,"SniperH",{FormFactor = Enum.FormFactor.Symmetric,Size = Vector3.new(0.200000003, 0.200000003, 0.200000003),CFrame = CFrame.new(-5.47727585, 9.23893642, -106.150467, 0.000373998424, 0.865912914, 0.500194848, 0.000229012818, -0.500194967, 0.865912855, 0.999999881, -0.000209299018, -0.000385377265),CanCollide = false,})
Mesh = New("SpecialMesh",SniperH,"Mesh",{Scale = Vector3.new(1.5, 1.5, 1.5),MeshId = "http://www.roblox.com/asset?id=71947387",TextureId = "http://www.roblox.com/asset?id=71947339",MeshType = Enum.MeshType.FileMesh,})
Weld = New("ManualWeld",SniperH,"Weld",{Part0 = SniperH,Part1 = Torso,C0 = CFrame.new(0, 0, 0, 0.000373998424, 0.000229012818, 0.999999881, 0.865912914, -0.500194967, -0.000209299018, 0.500194848, 0.865912855, -0.000385377265),C1 = CFrame.new(-0.122859001, 0.0383329391, 0.650466919, -1, -0.000285560207, 0.000172345346, -0.000285530492, 1, 0.000172423926, -0.000172394575, 0.000172374697, -1),})

Knife2.Transparency = 1
Pistol2Part.Transparency = 1
PistolPart.Transparency = 1
ShottyPart.Transparency = 1
SniperPart.Transparency = 1
KnifeH.Transparency = 1

function CreateTrailObj(parent,color1,color2,ofsx,ofsz)
local Att1 =  New("Attachment",parent,"Att1",{Position = Vector3.new(ofsx,parent.Size.Y/2,ofsz)})
local Att2 =  New("Attachment",parent,"Att2",{Position = Vector3.new(ofsx,-(parent.Size.Y/2),ofsz)})
local TEff = New("Trail",parent,"TrailEff",{Color = ColorSequence.new({ColorSequenceKeypoint.new(0,BrickColor.new(color1).Color),ColorSequenceKeypoint.new(1,BrickColor.new(color2).Color)}),Transparency = NumberSequence.new({NumberSequenceKeypoint.new(0,.5),NumberSequenceKeypoint.new(1,1)}),Attachment0 = Att1,Attachment1 = Att2,Enabled = false,Lifetime = .5,MinLength = .001})
return TEff
end

LLTr = CreateTrailObj(LeftLeg,"White","White",0,0)
RLTr = CreateTrailObj(RightLeg,"White","White",0,0)
LATr = CreateTrailObj(LeftArm,"White","White",0,0)
RATr = CreateTrailObj(RightArm,"White","White",0,0)

local p1mit = Instance.new("ParticleEmitter",Knife)
p1mit.Texture = "rbxasset://textures/particles/fire_main.dds"
p1mit.Color = ColorSequence.new(Color3.new(.6,0,0))
p1mit.Size = NumberSequence.new(1,0)
p1mit.Lifetime = NumberRange.new(2)
p1mit.Rate = 0
p1mit.Enabled = false
p1mit.Acceleration = Vector3.new(0,-10,0)
p1mit.Rotation = NumberRange.new(0,359)
p1mit.Speed = NumberRange.new(0)
p1mit.Enabled = false
local p2mit = p1mit:Clone()
p2mit.Parent = Knife2

local tr1
local tr2
spawn(function()
local Att1 =  New("Attachment",Knife,"Att1",{Position = Vector3.new(0,1.3,.2)})
local Att2 =  New("Attachment",Knife,"Att2",{Position = Vector3.new(0,-.5,.2)})
tr1 = New("Trail",Knife,"TrailEff",{Color = ColorSequence.new(Color3.new(.8,.8,.8)),Transparency = NumberSequence.new(0,1),Attachment0 = Att1,Attachment1 = Att2,Enabled = false,Lifetime = .5,MinLength = .001})
end)

spawn(function()
local Att1 =  New("Attachment",Knife2,"Att1",{Position = Vector3.new(0,1.3,.2)})
local Att2 =  New("Attachment",Knife2,"Att2",{Position = Vector3.new(0,-.5,.2)})
tr2 = New("Trail",Knife2,"TrailEff",{Color = ColorSequence.new(Color3.new(.8,.8,.8)),Transparency = NumberSequence.new(0,1),Attachment0 = Att1,Attachment1 = Att2,Enabled = false,Lifetime = .5,MinLength = .001})
end)

local scr = Instance.new("ScreenGui",Player:FindFirstChildOfClass("PlayerGui"))
local fr1 = Instance.new("Frame",scr)
fr1.AnchorPoint = Vector2.new(1,.5)
fr1.BackgroundTransparency = 1
fr1.BorderSizePixel = 0
fr1.Position = UDim2.new(1,0,.6,0)
fr1.Size = UDim2.new(0,150,0,200)
game.Players.LocalPlayer.Character.Humanoid.Died:Connect(function()
scr:Destroy()
end)

local imgbase = Instance.new("ImageLabel")
imgbase.BackgroundTransparency = 1
imgbase.BorderSizePixel = 0
imgbase.Size = UDim2.new(0,50,0,50)
imgbase.ImageColor3 = Color3.new(.3,.3,.3)

local img1 = imgbase:Clone()
img1.Parent = fr1
img1.Image = "rbxassetid://949752421"
img1.ImageColor3 = Color3.new(1,1,1)
local img2 = imgbase:Clone()
img2.Parent = fr1
img2.Position = UDim2.new(0,0,0,50)
img2.Image = "rbxassetid://97886725"
local img3 = imgbase:Clone()
img3.Parent = fr1
img3.Position = UDim2.new(0,0,0,100)
img3.Image = "rbxassetid://31929291"
local img4 = imgbase:Clone()
img4.Parent = fr1
img4.Position = UDim2.new(0,0,0,150)
img4.Image = "rbxassetid://39422857"

imgbase:Destroy()

local txtbase = Instance.new("TextLabel")
txtbase.BackgroundTransparency = 1
txtbase.BorderSizePixel = 0
txtbase.Size = UDim2.new(0,100,0,50)
txtbase.Font = "Highway"
txtbase.TextSize = 30
txtbase.TextColor3 = Color3.new(.3,.3,.3)
txtbase.TextStrokeColor3 = Color3.new(0,0,0)
txtbase.TextStrokeTransparency = 0

local txt1 = txtbase:Clone()
txt1.Parent = fr1
txt1.Text = "∞"
txt1.TextSize = 60
txt1.TextColor3 = Color3.new(1,1,1)
txt1.Position = UDim2.new(0,50,0,0)
local txt2 = txtbase:Clone()
txt2.Parent = fr1
txt2.Text = "17/17"
txt2.Position = UDim2.new(0,50,0,50)
local txt3 = txtbase:Clone()
txt3.Parent = fr1
txt3.Text = "8/8"
txt3.Position = UDim2.new(0,50,0,100)
local txt4 = txtbase:Clone()
txt4.Parent = fr1
txt4.Text = "10/10"
txt4.Position = UDim2.new(0,50,0,150)

txtbase:Destroy()

local fr2 = Instance.new("Frame",scr)
fr2.AnchorPoint = Vector2.new(.5,.5)
fr2.BackgroundColor3 = Color3.new(0,0,0)
fr2.BorderColor3 = Color3.new(0,0,0)
fr2.BorderSizePixel = 5
fr2.Position = UDim2.new(.5,0,.8,0)
fr2.Size = UDim2.new(0,300,0,30)

local hpbar = Instance.new("Frame",fr2)
hpbar.BackgroundColor3 = Color3.new(0,1,0)
hpbar.BorderSizePixel = 0
hpbar.Size = UDim2.new(1,0,1,0)
local hptext = Instance.new("TextLabel",fr2)
hptext.BackgroundTransparency = 1
hptext.BorderSizePixel = 0
hptext.LayoutOrder = -1
hptext.Size = UDim2.new(0,100,1,0)
hptext.Font = "Highway"
hptext.Text = " + 100"
hptext.TextColor3 = Color3.new(1,1,1)
hptext.TextSize = 30
hptext.TextXAlignment = "Left"

local e;
coroutine.wrap(function()
e = game:GetService("RunService").Heartbeat:Connect(function()
swait()
txt2.Text = pshots.."/17"
txt3.Text = sshots.."/8"
txt4.Text = snshots.."/10"
end)
end)()

local li = Instance.new("SpotLight",Head)
li.Angle = 90
li.Brightness = 50
li.Shadows = true
li.Range = 30
li.Enabled = false

function rayCast(Position, Direction, Range, Ignore)
return game:service("Workspace"):FindPartOnRay(Ray.new(Position, Direction.unit * (Range or 999.999)), Ignore) 
end 

function FindNearestTorso(Position, Distance, SinglePlayer)
if SinglePlayer then
return (SinglePlayer.Head.CFrame.p - Position).magnitude < Distance
end
local List = {}
for i, v in pairs(workspace:GetDescendants()) do
if v:IsA("Model") then
if v:findFirstChild("Head") then
if v ~= chara then
if (v.Head.Position - Position).magnitude <= Distance then
table.insert(List, v)
end 
end 
end 
end 
end
return List
end

EffectModel = Create("Model"){
Parent = chara,
Name = "Effects",
}

--Effect Functions--
Effects = {

Block = function(cf,partsize,meshstart,meshadd,matr,colour,spin,inverse,factor)
local p = Instance.new("Part",EffectModel)
p.BrickColor = BrickColor.new(colour)
p.Size = partsize
p.Anchored = true
p.CanCollide = false
p.Material = matr
p.CFrame = cf
if inverse == true then
p.Transparency = 1
else
p.Transparency = 0
end
local m = Instance.new("BlockMesh",p)
m.Scale = meshstart
coroutine.wrap(function()
for i=0,1,factor do
swait()
if inverse == true then
p.Transparency = 1-i
else
p.Transparency = i
end
m.Scale = m.Scale + meshadd
if spin == true then
p.CFrame = p.CFrame * CFrame.Angles(math.random(-50,50),math.random(-50,50),math.random(-50,50))
end
end
p:Destroy()
end)()
return p
end,

Sphere = function(cf,partsize,meshstart,meshadd,matr,colour,inverse,factor)
local p = Instance.new("Part",EffectModel)
p.BrickColor = BrickColor.new(colour)
p.Size = partsize
p.Anchored = true
p.CanCollide = false
p.Material = matr
p.CFrame = cf
if inverse == true then
p.Transparency = 1
else
p.Transparency = 0
end
local m = Instance.new("SpecialMesh",p)
m.MeshType = "Sphere"
m.Scale = meshstart
coroutine.wrap(function()
for i=0,1,factor do
swait()
if inverse == true then
p.Transparency = 1-i
else
p.Transparency = i
end
m.Scale = m.Scale + meshadd
end
p:Destroy()
end)()
return p
end,

Cylinder = function(cf,partsize,meshstart,meshadd,matr,colour,inverse,factor)
local p = Instance.new("Part",EffectModel)
p.BrickColor = BrickColor.new(colour)
p.Size = partsize
p.Anchored = true
p.CanCollide = false
p.Material = matr
p.CFrame = cf
if inverse == true then
p.Transparency = 1
else
p.Transparency = 0
end
local m = Instance.new("CylinderMesh",p)
m.Scale = meshstart
coroutine.wrap(function()
for i=0,1,factor do
swait()
if inverse == true then
p.Transparency = 1-i
else
p.Transparency = i
end
m.Scale = m.Scale + meshadd
end
p:Destroy()
end)()
return p
end,

Wave = function(cf,meshstart,meshadd,colour,spin,inverse,factor)
local p = Instance.new("Part",EffectModel)
p.BrickColor = BrickColor.new(colour)
p.Size = Vector3.new()
p.Anchored = true
p.CanCollide = false
p.CFrame = cf
if inverse == true then
p.Transparency = 1
else
p.Transparency = 0
end
local m = Instance.new("SpecialMesh",p)
m.MeshId = "rbxassetid://20329976"
m.Scale = meshstart
coroutine.wrap(function()
for i=0,1,factor do
swait()
if inverse == true then
p.Transparency = 1-i
else
p.Transparency = i
end
m.Scale = m.Scale + meshadd
p.CFrame = p.CFrame * CFrame.Angles(0,math.rad(spin),0)
end
p:Destroy()
end)()
return p
end,

Ring = function(cf,meshstart,meshadd,colour,inverse,factor)
local p = Instance.new("Part",EffectModel)
p.BrickColor = BrickColor.new(colour)
p.Size = Vector3.new()
p.Anchored = true
p.CanCollide = false
p.CFrame = cf
if inverse == true then
p.Transparency = 1
else
p.Transparency = 0
end
local m = Instance.new("SpecialMesh",p)
m.MeshId = "rbxassetid://3270017"
m.Scale = meshstart
coroutine.wrap(function()
for i=0,1,factor do
swait()
if inverse == true then
p.Transparency = 1-i
else
p.Transparency = i
end
m.Scale = m.Scale + meshadd
end
p:Destroy()
end)()
return p
end,

Meshed = function(cf,meshstart,meshadd,colour,meshid,textid,spin,inverse,factor)
local p = Instance.new("Part",EffectModel)
p.BrickColor = BrickColor.new(colour)
p.Size = Vector3.new()
p.Anchored = true
p.CanCollide = false
p.CFrame = cf
if inverse == true then
p.Transparency = 1
else
p.Transparency = 0
end
local m = Instance.new("SpecialMesh",p)
m.MeshId = meshid
m.TextureId = textid
m.Scale = meshstart
coroutine.wrap(function()
for i=0,1,factor do
swait()
if inverse == true then
p.Transparency = 1-i
else
p.Transparency = i
end
m.Scale = m.Scale + meshadd
p.CFrame = p.CFrame * CFrame.Angles(0,math.rad(spin),0)
end
p:Destroy()
end)()
return p
end,

Explode = function(cf,partsize,meshstart,meshadd,matr,colour,move,inverse,factor)
local p = Instance.new("Part",EffectModel)
p.BrickColor = BrickColor.new(colour)
p.Size = partsize
p.Anchored = true
p.CanCollide = false
p.Material = matr
p.CFrame = cf * CFrame.Angles(math.rad(math.random(-360,360)),math.rad(math.random(-360,360)),math.rad(math.random(-360,360)))
if inverse == true then
p.Transparency = 1
else
p.Transparency = 0
end
local m = Instance.new("SpecialMesh",p)
m.MeshType = "Sphere"
m.Scale = meshstart
coroutine.wrap(function()
for i=0,1,factor do
swait()
if inverse == true then
p.Transparency = 1-i
else
p.Transparency = i
end
m.Scale = m.Scale + meshadd
p.CFrame = p.CFrame * CFrame.new(0,move,0)
end
p:Destroy()
end)()
return p
end,

}

function GetDudesTorso(c)
local torsy = (c:findFirstChild("Torso") or c:findFirstChild("UpperTorso"))
if torsy ~= nil then
return torsy
end
end

function BodyVel(part,faws)
--[[local bodyvel = Instance.new("BodyVelocity",part)
local pep = 10000000
bodyvel.P = pep
bodyvel.MaxForce = Vector3.new(pep,pep,pep)
bodyvel.Velocity = faws
debby:AddItem(bodyvel,.2)]]
end

function Dmg(dude,dmg,env,faws,trip,efftyp,toim)
if dude and dude ~= chara then
if dude:FindFirstChild("HITO") then return end
if toim ~= 0 then
local debounce = Instance.new("BoolValue",dude)
debounce.Name = "HITO"
debby:AddItem(debounce,toim)
end
local hum = dude:FindFirstChildOfClass("Humanoid")
local dam = dmg+math.random(-env,env)
local teksu = "-"..dam
if hum then
local finhel = hum.Health - dam
if (finhel <= 0 and dude:FindFirstChild("DEATHED")==nil) or dmg == math.huge or hum.Health > 1000000 then
teksu = "DEATH"
--dude:BreakJoints()
Instance.new("BoolValue",dude).Name = "DEATHED"
--local soaa = Instance.new("Sound",dude.Head)
--local cho = math.random(1,5)
--if cho == 1 then
--soaa.SoundId = "rbxassetid://111896685"
--elseif cho == 2 then
--soaa.SoundId = "rbxassetid://535528169"
--elseif cho == 3 then
--soaa.SoundId = "rbxassetid://1080363252"
--elseif cho == 4 then
--soaa.SoundId = "rbxassetid://147758746"
--elseif cho == 5 then
--soaa.SoundId = "rbxassetid://626777433"
--soaa.Volume = .2
--soaa.TimePosition = 1
--end
--game:service'Debris':AddItem(soaa,6)
--soaa:Play()
end
if dmg ~= math.huge then
--hum.Health = hum.Health - dam
end
end
coroutine.wrap(function()
local naeeym2 = Instance.new("BillboardGui",dude)
naeeym2.Size = UDim2.new(0,100,0,40)
naeeym2.StudsOffset = Vector3.new(0,3,0)
naeeym2.Adornee = dude:FindFirstChild("Head")
naeeym2.Name = "TalkingBillBoard"
local tecks2 = Instance.new("TextLabel",naeeym2)
tecks2.BackgroundTransparency = 1
tecks2.BorderSizePixel = 0
tecks2.Text = teksu
tecks2.Font = "Fantasy"
tecks2.TextSize = 24
tecks2.TextStrokeTransparency = 0
tecks2.TextColor3 = Color3.new(1,1,1)
tecks2.TextStrokeColor3 = Color3.new(0,0,0)
tecks2.Size = UDim2.new(1,0,0.5,0)
swait(10)
for i = 0,1,.05 do
swait()
tecks2.Position = tecks2.Position - UDim2.new(0,0,.005,0)
tecks2.TextStrokeTransparency = i
tecks2.TextTransparency = i
end
naeeym2:Destroy()
end)()
local torsy = GetDudesTorso(dude)
if torsy then
local amtt = dam/5
if amtt > 30 then
amtt = 30
end
--for i=1,amtt do
--local blp = Instance.new("Part",workspace)
--blp.Size = Vector3.new(.3,.3,.3)
--blp.BrickColor = BrickColor.new("Crimson")
--blp.CFrame = torsy.CFrame*CFrame.Angles(math.random(-50,50),math.random(-50,50),math.random(-50,50))
--blp.Velocity = torsy.CFrame.lookVector*math.random(-8,-8) + torsy.CFrame.rightVector*math.random(-8,8) + Vector3.new(0,math.random(0,5),0)
--blp.RotVelocity = Vector3.new(math.random(-15,15),math.random(-15,15),math.random(-15,15))
----local blm = Instance.new("SpecialMesh",blp)
----blm.MeshType = "Sphere"
--coroutine.wrap(function()
--swait(10)
--blp.Orientation = Vector3.new(0,blp.Orientation.y,0)
--for i=0,1,.1  do
--swait()
--blp.Transparency = i
--blp.Size = blp.Size + Vector3.new(.05,-.05,.05)
--end
--blp:Destroy()
--end)()
--end
if efftyp == "Blunt" then
puncheff(torsy)
elseif efftyp == "Sharp" then
slasheff(torsy)
coroutine.wrap(function()
if Knife.Transparency == 0 then
p1mit.Enabled = true
swait(10)
p1mit.Enabled = false
elseif Knife2.Transparency == 0 then
p2mit.Enabled = true
swait(10)
p2mit.Enabled = false
end
end)()
elseif efftyp == "Shot" then
so(144884872,torsy,.9,1)
end
if faws ~= 0 then
BodyVel(torsy,faws)
end
if trip == true then
torsy.CFrame = torsy.CFrame * CFrame.Angles(math.rad(-90),0,0)
torsy.RotVelocity = Vector3.new(math.random(-50,50),math.random(-50,50),math.random(-50,50))
end
end
end
end

function MagnitudeDmg(par,magni,dmg,env,faws,trip,efftyp,toim)

end

function CamShake(par,magni,env,dur)
--[[for _, c in pairs(workspace:GetDescendants()) do
local hum = c:FindFirstChildOfClass("Humanoid")
if hum ~= nil and c:FindFirstChild("SHAKE")==nil then
local head = GetDudesTorso(c)
if head ~= nil then
local targ = head.Position - par.Position
local mag = targ.magnitude
if magni >= mag then
local sheiku = script:FindFirstChild("SHAKE"):Clone()
sheiku.Parent = c
sheiku:FindFirstChild("Env").Value = env
sheiku:FindFirstChild("Dur").Value = dur
sheiku.Disabled = false
end
end
end
end]]
end

function puncheff(par)
if par.Parent:FindFirstChild("DebounceHit")==nil then
so(386946017,par,math.random(80,120)/100,1)
Effects.Sphere(par.CFrame,Vector3.new(1,1,1),Vector3.new(1,1,1),Vector3.new(.1,.1,.1),"Neon","White",false,.1)
end
end

function slasheff(par)
if par.Parent:FindFirstChild("DebounceHit")==nil then
local cho = math.random(1,3)
--if cho == 1 then
--so(444667824,par,1,1)
--elseif cho == 2 then
--so(444667844,par,1,1)
--elseif cho == 3 then
so(444667859,par,1,1)
--end
--function(cf,partsize,meshstart,meshadd,matr,colour,factor)
Effects.Sphere(par.CFrame*CFrame.Angles(math.random(0,360),math.random(0,360),math.random(0,360)),Vector3.new(.5,.5,.5),Vector3.new(1,0,1),Vector3.new(-.1,5,-.1),"Neon","White",false,.1)
CamShake(par,3,.3,.5)
end
end

local mus = Instance.new("Sound",Head)
mus.Name = "mus"
mus.SoundId = "rbxassetid://1205101253"
mus.Looped = true
mus.Volume = 1
mus:Play()

local hat = game.Players.LocalPlayer.Character['White SS'].Handle
local alignto = Knife
hat:BreakJoints()
local weld = Instance.new("Weld",hat)
weld.Part0 = alignto
weld.Part1 = hat
weld.C0 = CFrame.new(0, 0, 0.1) * CFrame.Angles(math.rad(135), math.rad(0), 0)

local hat2 = game.Players.LocalPlayer.Character['Meshes/RainbowSniperAccessory'].Handle
hat2:BreakJoints()
local weld2 = Instance.new("Weld",hat2)
weld2.Part0 = SniperH
weld2.Part1 = hat2
weld2.C0 = CFrame.new(0, 0, 0) * CFrame.Angles(math.rad(90), math.rad(-90), math.rad(45))
--CFrame.new(0, 3, -0.1) * CFrame.Angles(math.rad(90), math.rad(88), math.rad(48))

local hat3 = game.Players.LocalPlayer.Character['Police K4LAS [Back]'].Handle
hat3:BreakJoints()
local weld3 = Instance.new("Weld",hat3)
weld3.Part0 = ShottyH
weld3.Part1 = hat3
weld3.C0 =  CFrame.new(0,0,0) * CFrame.Angles(math.rad(-90),0, math.rad(180))

local hat4 = game.Players.LocalPlayer.Character['Cartoony Rainbow Mk.50'].Handle
hat4:BreakJoints()
local weld4 = Instance.new("Weld",hat4)
weld4.Part0 = PistolH
weld4.Part1 = hat4
weld4.C0 = CFrame.new(0,0,0) * CFrame.Angles(math.rad(0),math.rad(0), math.rad(0))

function pistolrel()
so(1550642637,RightArm,1,1)
for i=0,1,.1 do
swait()
PlayAnimationFromTable({		
CFrame.new(0, 0, 0, 0.999997139, -4.7385779e-06, -2.86100999e-06, -4.7385779e-06, 1.00000858, -2.86102522e-06, -2.86100999e-06, -2.86102522e-06, 0.999997139),
CFrame.new(-1.46538582e-06, 1.54692137, -0.209853828, 0.999997139, -3.46518846e-06, -4.29317652e-06, -4.7385779e-06, 0.939701736, 0.342020184, -2.86100999e-06, -0.342021644, 0.939689159),
CFrame.new(0.854522765, 0.222398087, -0.774409652, 0.642788053, 0.754401922, 0.133024976, -0.133024052, 0.280929208, -0.950473666, -0.754406512, 0.593246639, 0.280933827),
CFrame.new(-1.18730974, -0.126011491, 0.160054311, 0.939689338, -0.342021286, -4.37337985e-06, 0.321391821, 0.883031905, 0.342020124, -0.116979986, -0.321394384, 0.939689398),
CFrame.new(0.500016809, -2.00003767, -8.24034214e-06, 0.866021514, -4.7385779e-06, -0.500001311, -5.50745335e-06, 1.00000858, -1.17754098e-07, 0.499996305, -2.86102522e-06, 0.866024435),
CFrame.new(-0.499971688, -2.00002766, 5.84125519e-06, 0.939690948, -4.7385779e-06, 0.34201622, -3.47528271e-06, 1.00000858, -4.29806732e-06, -0.342021704, -2.86102522e-06, 0.939689159),
}, .4, false)
end
for i=0,1,.1 do
swait()
PlayAnimationFromTable({		
CFrame.new(0, 0, 0, 1, -1.52100554e-13, 0, -1.52100554e-13, 1, 0, 0, 0, 1),
CFrame.new(-2.09808386e-05, 1.54693103, -0.209845006, 1, -2.72848411e-12, 0, -1.52100554e-13, 0.939695656, 0.342012048, 0, -0.342012107, 0.939695597),
CFrame.new(0.854516387, 0.222410649, -0.774412334, 0.642794192, 0.754400432, 0.133024991, -0.133015573, 0.280934572, -0.950464487, -0.754402101, 0.593258619, 0.280930132),
CFrame.new(-0.694014966, -0.00153057277, -0.320706695, 0.178141281, -0.439670682, 0.880315483, 0.965236425, 0.251975238, -0.0694777295, -0.191270396, 0.862089396, 0.469273359),
CFrame.new(0.500024974, -2.00003481, -2.33650208e-05, 0.866023839, 1.13859137e-07, -0.500002801, -5.56927262e-06, 1, -9.41847611e-06, 0.500002801, 1.09412758e-05, 0.866023839),
CFrame.new(-0.499960899, -2.00003171, -2.0518899e-05, 0.939693093, -5.80151482e-06, 0.342018753, 3.82894905e-06, 1, 6.44255488e-06, -0.342018694, -4.74444823e-06, 0.939693213),
}, .4, false)
end
so(1550643261,RightArm,1,1)
pshots = 17
end

function shotgunreload()
for ab=1,8-sshots do
for i=0,1,.25 do
swait()
PlayAnimationFromTable({		
CFrame.new(0, 0, 0, 0.999997139, -4.7385779e-06, -2.86100999e-06, -4.7385779e-06, 1.00000858, -2.86102522e-06, -2.86100999e-06, -2.86102522e-06, 0.999997139),
CFrame.new(-1.46538582e-06, 1.54692137, -0.209853828, 0.999997139, -3.46518846e-06, -4.29317652e-06, -4.7385779e-06, 0.939701736, 0.342020184, -2.86100999e-06, -0.342021644, 0.939689159),
CFrame.new(0.854522765, 0.222398087, -0.774409652, 0.642788053, 0.754401922, 0.133024976, -0.133024052, 0.280929208, -0.950473666, -0.754406512, 0.593246639, 0.280933827),
CFrame.new(-1.18730974, -0.126011491, 0.160054311, 0.939689338, -0.342021286, -4.37337985e-06, 0.321391821, 0.883031905, 0.342020124, -0.116979986, -0.321394384, 0.939689398),
CFrame.new(0.500016809, -2.00003767, -8.24034214e-06, 0.866021514, -4.7385779e-06, -0.500001311, -5.50745335e-06, 1.00000858, -1.17754098e-07, 0.499996305, -2.86102522e-06, 0.866024435),
CFrame.new(-0.499971688, -2.00002766, 5.84125519e-06, 0.939690948, -4.7385779e-06, 0.34201622, -3.47528271e-06, 1.00000858, -4.29806732e-06, -0.342021704, -2.86102522e-06, 0.939689159),
}, .4, false)
end
so(254833667,RightArm,1,1)
for i=0,1,.25 do
swait()
PlayAnimationFromTable({		
CFrame.new(0, 0, 0, 1, -1.52100554e-13, 0, -1.52100554e-13, 1, 0, 0, 0, 1),
CFrame.new(-2.09808386e-05, 1.54693103, -0.209845006, 1, -2.72848411e-12, 0, -1.52100554e-13, 0.939695656, 0.342012048, 0, -0.342012107, 0.939695597),
